%YAML:1.0
---
model_type: PINHOLE
camera_name: camera
image_width: 848
image_height: 480
distortion_parameters:
   k1: 0.0
   k2: 0.0
   p1: 0.0
   p2: 0.0
projection_parameters:
   fx: 428.3537922602939
   fy: 428.3201454661401
   cx: 422.6775270302900
   cy: 236.6059979125194
